20 5
10 0 0 0 45
18 0 0 46 67
11 1 0 68 122
13 0 0 123 193
5 0 0 194 283
12 0 0 284 312
8 1 0 313 404
0 0 0 405 411
17 1 0 412 505
14 1 0 506 565
7 0 0 566 646
9 1 0 647 735
1 2 0 736 791
3 2 0 792 856
4 1 0 857 897
15 3 0 898 950
16 3 0 951 1039
19 3 0 1040 1139
2 4 0 1140 1217
6 4 0 1218 1226
2 0 1 0 46
9 0 1 47 87
15 0 1 88 169
16 0 1 170 177
10 1 1 178 207
19 0 1 208 290
18 1 1 291 375
14 0 1 376 471
5 2 1 472 555
12 2 1 556 654
13 3 1 655 754
6 2 1 755 835
7 2 1 836 913
4 2 1 914 958
11 3 1 959 968
3 4 1 969 984
0 2 1 985 1066
8 4 1 1067 1084
1 4 1 1085 1094
17 4 1 1095 1122
11 0 2 0 36
4 0 2 37 122
1 0 2 123 163
3 0 2 164 185
2 2 2 186 256
15 1 2 257 349
19 1 2 350 383
10 2 2 384 392
12 1 2 393 466
18 2 2 467 528
13 2 2 529 556
17 2 2 557 626
16 2 2 627 639
7 1 2 647 703
0 1 2 704 744
8 3 2 745 816
9 3 2 817 824
14 4 2 868 909
5 4 2 910 994
6 3 2 995 1025
17 0 3 0 45
1 1 3 164 196
6 1 3 197 235
13 1 3 236 322
11 2 3 323 419
2 3 3 420 475
8 2 3 476 526
18 3 3 529 597
5 3 3 598 629
10 4 3 630 688
12 3 3 689 781
14 3 3 782 867
3 3 3 868 893
9 4 3 894 974
4 3 3 975 999
15 4 3 1000 1039
16 4 3 1040 1100
7 4 3 1101 1198
0 3 3 1199 1236
19 4 3 1237 1281
8 0 4 0 56
2 1 4 57 122
6 0 4 123 182
5 1 4 284 313
19 2 4 384 455
16 1 4 456 478
10 3 4 479 556
3 1 4 557 622
14 2 4 623 679
15 2 4 680 712
9 2 4 736 795
1 3 4 796 877
17 3 4 878 927
7 3 4 928 969
12 4 4 970 1057
18 4 4 1058 1084
13 4 4 1085 1181
11 4 4 1182 1192
4 4 4 1193 1230
0 4 4 1237 1256
